id,docid,type,eid,entity,prov,is_correct
